011110100001100001100001111111100001100001100001
111111100001100001111110100001100001100001111111
111111100001100000100000100000100000100001111111
111110100001100001100001100001100001100001111110
111111100000100000111100100000100000100000111111
111111100001100000100000100111100001100001111111
100001100001100001111111100001100001100001000000
011100001000001000001000001000001000001000011100
011100001000001000001000101000101000101000011000
001001001010001100001000001000001100001010001001
100000100000100000100000100000100000100000111100
000000100010110110101010100010100010100010100010
000000100001110001101001100101100011100001000000
001100010010010010010010010010010010010010001100
111000101000101000111000100000100000100000100000
011000100100100100100100100100011000000100000010
000000001110010000010000001100000010000010011100
011100001000001000001000001000001000001000001000
010010010010010010010010010010010010010010001100
000000010001010001010001010101010101010101011111
000000000000100001010010001100001100010010100001
010100010100010100010100011100001000001000001000
011110000010000100001000010000011110000000000000
011100010100010100010100010100010100010100011100
001000001000001000001000001000001000001000001000
001111000001000001001111001000001000001111000000
000111000001000001000111000001000001000111000000
010010010010010010011110000010000010000010000010
000000011110010000010000011110000010000010011110
000000011110010000010000011110010010010010011110
011110010010010010010000010000010000010000010000
000000011110010010010010011110010010010010011110
001110001010001010001010001110000010000010000010
111111100001101000100000100000100010100001111111
111111100100100000111100100000100000100010111111
111111100001101000100000100111101001100001111111
011100001001001000011000001000001000001000011100
001001001010011100001000001000001100001010101001
001000100010110110101010100010110010100010100010
001101010010010010011010010010010010010010001100
011010100100101100100100100100011000000100000010
010000001110010000010000101100000010000010011100
010010010010010010010110010010010010010011001100
000001011110010010110010011110010010010010011110
000000011110010100010000011110110010010010011110
010010010010010010011111100010000010000010000010
011110100010000100001000010000011110000100000000
001000000000100001010010001100001100010010100101
010010010010011010010010110010010010010010001100
011100001010001000001000001000101000001000001000
111000100101100100100100111000100100101100100100
011000100100101100100100100100011000000100100010
111000101010101000111000100000100000100001100000
111111100001111010100000101000101010100001111111
111111110101100000111100100010110000100010111111
111111110001101010100000100111111001100011111111
111100001001001000011000101010001000001000011110
101001001010111100001010001001001100001010101001
001001100010110110101010100010110111101010100010
101101010010010010011010110010010111010010001100
011010100100101100110101100100011000100100010010
010101001110010000010001101100000010000011011100
010011011010110010010110010010010010110011001100
100101011110010010110010011110010010010010111111
100001011110010100010000011111110010010010011111
011010010110010010011111100010001010000010100010
011110100010010101001000010000011110000100100001
101010000000100001010010101100001101010010100101
110010010010011010010011110010010011010010101100
111100001010001000001010001000101100001000001001
111010101101100100100100111010100101101100100100
011010100100101101110100100100011001000100100010
111001101010101000111000101000100000110101100000
111111110101101010110101101010110101100001111111
111110101011110101101011110101101011110101111110
111111101000110010111101100000110101101010110101
110101101011100001111111100001110101101011110101
011110101001011010101001011010001001001010011101
111111001000001001011100101010101101101010011101
101010100101101010100101101010100101100000111100
111010101101101010111101100010100101100010100101
011100001001001010101100011010101001011010101100
010101110110110101010110011101001010101001011010
001001001010001001001010011001101010011001101010
111110011010110110011000110100010000110101011010
011111101010011010101010011110101011010010101010
101010010101111011010101110111010101110111011111
101111010001101001010111101001010001101111010000
011010100101100110100101100110011001000100101011
011111100101010011101111011000101000011111101001
010100101011110101101011110101100011110101101010
111111100100101010111101100010100101101010110101
001010110101011011110001011111110101010101111111
111010100001110101101011100101101011110001101011
010001100100000000001011000000000010101000000010
001000010001000000100010010000000100000000010001
100000001011000000010000000000000100100001010000
000001011000100000001000001001000000000010101000
000010000000000000101100100001100000000010000010
000000000000001000010110010001001000000100000001

